Boolean,JSD,heatmap,data
 ,TGFB-SNAIL_1-2,miR200-TGFB_2-0,OVOL-TGFB_2-0,OVOL-TGFB_2-1,ZEB1-Ecadherin_2-0,SNAIL-miR34_2-0,ZEB1-miR200_2-0,miR200-ZEB1_2-0,TGFB-SNAIL_1-0,miR34-SNAIL_2-0,SNAIL-SNAIL_2-0,WT,ZEB1-VIMENTIN_1-0,ZEB1-OVOL_2-0,miR200-TGFB_2-1,OVOL-VIMENTIN_2-0,OVOL-VIMENTIN_2-1,SNAIL-VIMENTIN_1-0,SNAIL-miR34_2-1,OVOL-SNAIL_2-0,ZEB1-VIMENTIN_1-2,ZEB1-OVOL_2-1,ZEB1-miR34_2-0,OVOL-SNAIL_2-1,OVOL-ZEB1_2-0,exTGFB-SNAIL_1-2,miR200-ZEB1_2-1,SNAIL-miR200_2-0,SNAIL-Ecadherin_2-0,SNAIL-SNAIL_2-1,ZEB1-Ecadherin_2-1,SNAIL-miR200_2-1,ZEB1-miR34_2-1,OVOL-ZEB1_2-1,miR34-SNAIL_2-1,SNAIL-ZEB1_1-2,SNAIL-Ecadherin_2-1,SNAIL-ZEB1_1-0,ZEB1-miR200_2-1,SNAIL-VIMENTIN_1-2
TGFB-SNAIL_1-2,0.0,0.07918190018347167,0.07918619990133957,0.27407906416007954,0.07920068568541125,0.0791865647556852,0.07918189691961225,0.09396892925577013,0.002517984158208559,0.07920524266645959,0.008608735502873766,0.07918456652905839,0.07919094269776321,0.1204987774685199,0.26582521731472125,0.0791960167761216,0.07918231407743227,0.07918202271186986,0.17422024473187614,0.0020272869629205364,0.07918583880370558,1.0,0.07918138838800491,0.0014042925666243478,0.07918138766345796,0.07921023152705386,0.1083674929803957,0.0791832807302564,0.07918159910489422,0.009247990474622447,0.4264204283141635,0.19313427039357461,0.26062729146622404,0.07918247965075034,0.07918788851838167,0.10467536378586174,0.2875644566299814,0.0960210736640012,0.25212015184717673,0.07919792814446458
miR200-TGFB_2-0,0.07918190018347167,0.0,2.3372353823195805e-06,0.21821523377067473,2.8630681203300774e-05,2.604144891285836e-06,2.337174800738271e-06,0.016650640382022838,0.05770701779548559,1.8763750600984995e-05,0.04226793550644345,6.93216250764175e-06,6.066797474334066e-06,0.04648617292519178,0.2090423562891145,1.041685369759706e-05,3.181152060962667e-06,2.604073641381422e-06,0.10674590472606804,0.060767078714040176,8.836525255141812e-06,1.0,3.5346328655167436e-07,0.09535651433514708,8.728361310704827e-07,4.057679563366275e-05,0.03285393716544647,4.616714002519582e-07,1.623039687296277e-06,0.04067379388045819,0.3867614360164576,0.1279186509818293,0.20325302743737583,3.491331658247304e-06,1.1767400455776813e-05,0.02869870806318841,0.23321609583466946,0.018960543859603565,0.1937709000071949,2.5110385706967296e-05
OVOL-TGFB_2-0,0.07918619990133957,2.3372353823195805e-06,0.0,0.21821469248673403,4.73281666952814e-05,7.213859562961065e-09,9.348805220083271e-06,0.016657402728036588,0.05772117839321175,7.856354926501913e-06,0.042275459740848176,1.7319714896744682e-05,8.728908092664814e-07,0.04649761295107138,0.20907762236887856,2.8856362464801943e-06,1.097184308430422e-05,9.875391062072166e-06,0.1067472475500061,0.06078427262216178,2.026281986394589e-05,1.0,4.508526292806825e-06,0.09540927343052782,6.06665332334908e-06,6.239052157890924e-05,0.03287480156220782,7.213753703211659e-07,7.855608240234626e-06,0.04067213569120732,0.38676938184377024,0.1279263528805439,0.20327732410569035,1.1541709293522032e-05,2.459324220118993e-05,0.028711662437122268,0.2332262348675982,0.018968480417551586,0.19377820566127937,4.276912781601017e-05
OVOL-TGFB_2-1,0.2740790641600795,0.21821523377067473,0.21821469248673403,0.0,0.2182454758962381,0.21821476796483918,0.21821937472473096,0.22991096320845955,0.2588697251898735,0.2182230501372166,0.24795680940147022,0.21822460407060212,0.2182161338487575,0.2509371876124505,0.001657200170576081,0.21821831317021081,0.21822041484650773,0.21821971032203685,0.29368136421648794,0.2610370658292557,0.21822659084479146,1.0,0.2182164164091503,0.2856203958039546,0.21821733662146872,0.21825623631930371,0.24132676854501012,0.2182145487874952,0.21821843459240686,0.2468271383449743,0.49825819914134195,0.3088014671847494,0.3630332907049128,0.2182207837736999,0.21822954883361398,0.23839335371218856,0.3847823540405206,0.23153603899232572,0.35615618474183985,0.21824224468652753
ZEB1-Ecadherin_2-0,0.07920068568541125,2.8630681203300774e-05,4.73281666952814e-05,0.2182454758962381,0.0,4.850398189503108e-05,1.4607632398582534e-05,0.016663167669888825,0.057692109753594734,9.374889446006097e-05,0.042276838089937076,7.3868597119863474e-06,6.105571788249777e-05,0.04648121139490746,0.20894764403012756,7.358600072009374e-05,1.2724900857206739e-05,1.3965628574951535e-05,0.10677397565563797,0.06074143794693359,5.655589352218746e-06,1.0,2.2621837992644906e-05,0.0952050688735093,1.9505606524675926e-05,1.0388487607331637e-06,0.03281650310232555,3.636356530059646e-05,1.6620203877706777e-05,0.04071489441106132,0.3867550373080254,0.12792363977239596,0.2031969414070446,1.2126176945041625e-05,3.687983332988651e-06,0.02868911447407673,0.2332083494972454,0.018968875595987804,0.19377466319036565,1.1542414315998738e-07
SNAIL-miR34_2-0,0.0791865647556852,2.604144891285836e-06,7.213859562961065e-09,0.21821476796483918,4.850398189503108e-05,0.0,9.8754052829126e-06,0.016657913186576456,0.05772209412882652,7.387441275729691e-06,0.04227600895946858,1.803386702938837e-05,7.213985427535633e-07,0.0464983791234784,0.20907968854318093,2.604291361423287e-06,1.154172452887776e-05,1.0416418262189711e-05,0.10674744417088083,0.06078535644360016,2.1034680065837698e-05,1.0,4.8764270857482896e-06,0.09541232816918142,6.49226311342458e-06,6.373946056859991e-05,0.03287609322282514,8.728653198589674e-07,8.338926826571965e-06,0.04067217499371198,0.38676990300743574,0.12792689971248944,0.2032787817320618,1.2126017845678818e-05,2.5442855178831915e-05,0.028712515228156932,0.23322690143998337,0.018969055790942754,0.19377872075251812,4.388723518904689e-05
ZEB1-miR200_2-0,0.07918189691961225,2.337174800738271e-06,9.348805220083271e-06,0.21821937472473096,1.4607632398582534e-05,9.8754052829126e-06,0.0,0.016648474311027932,0.05769725777931092,3.4345263210981084e-05,0.0422648858894455,1.2190797131322569e-06,1.5934977402910994e-05,0.046479187369457914,0.20901073732797754,2.2622285930910813e-05,6.492128357665349e-08,7.213475248561371e-09,0.10674872326360123,0.06075427065852155,2.0847013630949504e-06,1.0,8.728317318860697e-07,0.09530797288008763,3.5346048699930925e-07,2.3437469354014272e-05,0.032837592405033575,4.876347696330615e-06,6.492128357665349e-08,0.04067993418432698,0.3867562091917982,0.12791500567828074,0.20323240742166848,1.1541562477536773e-07,3.6160285729867642e-06,0.02869029301218006,0.23320947943656634,0.01895719268685326,0.1937673192081902,1.2126089633957048e-05
miR200-ZEB1_2-0,0.09396892925577013,0.016650640382022838,0.016657402728036588,0.22991096320845958,0.016663167669888825,0.016657913186576456,0.016648474311027932,0.0,0.07298293747397988,0.016681739100530238,0.05791140668479711,0.016649768345131162,0.016663798071387435,0.06202697636927067,0.22090207352963098,0.016670307528831446,0.016648560148859893,0.016648488737978438,0.12090387824592003,0.07596886720756404,0.01665064882574385,1.0,0.016649251869176356,0.10972771501731739,0.01664877052098486,0.016671937843627083,0.004032251109378655,0.01665307841393015,0.01664851614412955,0.05636348356169479,0.3950278756981297,0.14159111553392867,0.2152474390225787,0.016648617132799245,0.016652194068086445,0.002470385277280486,0.24458176304643464,0.0001449311704180224,0.20598651956251327,0.016660698293192246
TGFB-SNAIL_1-0,0.002517984158208559,0.05770701779548559,0.05772117839321175,0.25886972518987356,0.05769210975359474,0.05772209412882652,0.05769725777931092,0.07298293747397988,0.0,0.057758570129650126,0.0019279986150223985,0.057692945562863654,0.0577319985750714,0.10038760826592226,0.250287898761105,0.057742074016890146,0.05769605893014616,0.0576968445814323,0.15588487007124385,0.0001504207762800684,0.057692080498642925,1.0,0.057702699338299815,0.006938726367316845,0.05770053044720807,0.05769538214981621,0.08783333280671812,0.057712768095907016,0.05769857886199618,0.002297148953905499,0.4155687626212502,0.17539112546575591,0.24495537911838042,0.05769568647672772,0.05769125859222264,0.08403478490479126,0.2727393722740714,0.07510146922306576,0.23622396158009612,0.05769145362036401
miR34-SNAIL_2-0,0.07920524266645959,1.8763750600984995e-05,7.856354926501913e-06,0.2182230501372166,9.374889446006097e-05,7.387441275729691e-06,3.4345263210981084e-05,0.016681739100530238,0.05775857012965012,0.0,0.04230087694458382,4.850547206767001e-05,3.4917946731169132e-06,0.04653015686970059,0.2091517512415932,1.2192681636430413e-06,3.739660762301167e-05,3.5347951722625e-05,0.10676051838384591,0.06082718724663867,5.335296302279432e-05,1.0,2.426781982570094e-05,0.09551695493778975,2.7730378094536264e-05,0.0001145243277041498,0.032924792964108614,1.3338960615502183e-05,3.1423755184081976e-05,0.04068073771001228,0.3867910120992235,0.12795101007659293,0.20333141874329552,3.844257505941379e-05,6.024924965742978e-05,0.028747203079842326,0.23325397336370612,0.01899494125397045,0.19380127476516767,8.728549465436292e-05
SNAIL-SNAIL_2-0,0.008608735502873765,0.04226793550644345,0.042275459740848176,0.24795680940147022,0.042276838089937076,0.04227600895946858,0.0422648858894455,0.05791140668479711,0.0019279986150224004,0.04230087694458382,0.0,0.04226546614354668,0.042282260793894216,0.08596399279976089,0.23924490110303578,0.042289068402823246,0.04226481264144767,0.04226484766328997,0.14271741723411363,0.002435555911703879,0.042266114232032574,1.0,0.04226621784884106,0.015472422028777548,0.042265540157140465,0.04228474884779715,0.07313099589973261,0.042270727174644335,0.042265083428855696,0.0002033292491057712,0.40782331392310645,0.16267111948543525,0.23378241158093976,0.04226481584576697,0.04226733685965365,0.06923194350397302,0.2621358428636045,0.06008153521476344,0.22483826931878706,0.04227464316652365
WT,0.07918456652905839,6.93216250764175e-06,1.7319714896744682e-05,0.21822460407060212,7.3868597119863474e-06,1.803386702938837e-05,1.2190797131322569e-06,0.016649768345131162,0.057692945562863654,4.850547206767001e-05,0.04226546614354668,0.0,2.5968966759652278e-05,0.04647691245557373,0.2089901693818813,3.434426301865629e-05,7.213494874455705e-07,1.0387427148762806e-06,0.10675334683874978,0.060747747907515644,1.1541664501823145e-07,1.0,4.154965872691968e-06,0.09527553790073917,2.8853930440393694e-06,1.3966017403257026e-05,0.0328285985569553,1.0971742141777964e-05,1.8466522869786716e-06,0.04068715630251806,0.38675412516900326,0.1279148957393492,0.2032198015866736,5.842932589278631e-07,6.359535462292505e-07,0.02868703845085311,0.2332068916146553,0.018957624037156826,0.19376704954351895,5.655536866637327e-06
ZEB1-VIMENTIN_1-0,0.07919094269776321,6.066797474334066e-06,8.728908092664814e-07,0.2182161338487575,6.105571788249777e-05,7.213985427535633e-07,1.5934977402910994e-05,0.016663798071387435,0.0577319985750714,3.4917946731169132e-06,0.042282260793894216,2.5968966759652278e-05,0.0,0.04650679708139854,0.20910096951572912,5.843535645913751e-07,1.8034112299919035e-05,1.6620262383346563e-05,0.1067501168401175,0.06079693925239255,2.954686207489246e-05,1.0,9.348998561967874e-06,0.09544359165347263,1.1541927671941763e-05,7.802243235913251e-05,0.03288977713865116,3.181314436173383e-06,1.3965682205211924e-05,0.040673328926304236,0.3867755762638052,0.12793305671810698,0.20329398221664066,1.8762677271419795e-05,3.473256668358807e-05,0.028721813778680463,0.2332341652112085,0.01897558797727703,0.19378450403489092,5.586189309848182e-05
ZEB1-OVOL_2-0,0.1204987774685199,0.04648617292519178,0.04649761295107138,0.2509371876124505,0.04648121139490746,0.0464983791234784,0.046479187369457914,0.06202697636927067,0.10038760826592226,0.04653015686970059,0.08596399279976089,0.04647691245557373,0.04650679708139854,0.0,0.24224465713106041,0.04651554889631988,0.04647845617095876,0.04647892988874379,0.14631399808985301,0.10324397229448512,0.04647667991204919,0.7760945466926146,0.046482927020312925,0.13555135912977076,0.046481374675805376,0.04648645328658822,0.07713910605066324,0.04649070743083464,0.046480042298950114,0.08449187469742211,0.409933598964922,0.16614233651559074,0.23682269953794532,0.046478239933884155,0.04647671444328397,0.07327113580033316,0.2650267324608667,0.06418244455521573,0.2279444597716041,0.046479904093457994
miR200-TGFB_2-1,0.2658252173147212,0.20904235628911447,0.20907762236887859,0.001657200170576081,0.20894764403012758,0.20907968854318093,0.20901073732797754,0.22090207352963098,0.250287898761105,0.20915175124159321,0.23924490110303578,0.2089901693818813,0.20910096951572912,0.24224465713106041,0.0,0.20912108508430882,0.2090058220526098,0.20900908764760362,0.2857713460669139,0.2524675453795233,0.20898422345047749,1.0,0.20902962667480762,0.2771751928419698,0.2090226002423525,0.2089346682942953,0.2324008514280178,0.20905757981133435,0.20901575390119237,0.23816737988644207,0.4933854315178612,0.3010859993807242,0.3560411926843956,0.2090042061378984,0.2089764969677408,0.22947941945186132,0.37823876576742377,0.22254550776287035,0.3491940553548879,0.20895232943554798
OVOL-VIMENTIN_2-0,0.0791960167761216,1.041685369759706e-05,2.8856362464801943e-06,0.21821831317021081,7.358600072009374e-05,2.604291361423287e-06,2.2622285930910813e-05,0.016670307528831446,0.057742074016890146,1.2192681636430413e-06,0.042289068402823246,3.434426301865629e-05,5.843535645913751e-07,0.04651554889631988,0.20912108508430882,0.0,2.5110958256492014e-05,2.343741685103271e-05,0.10675362051156233,0.06080852134297791,3.844153551020623e-05,1.0,1.460799235291862e-05,0.09547284207960569,1.7320310730627782e-05,9.211082613717024e-05,0.032903285540071964,6.492573986257048e-06,2.0263452100573306e-05,0.04067555037498202,0.3867813998455468,0.12793966866581669,0.20330863309495598,2.5969368782147867e-05,4.432702025054889e-05,0.028731380523475226,0.23324163234580142,0.018982677135592863,0.1937906920837864,6.787280530412944e-05
OVOL-VIMENTIN_2-1,0.07918231407743227,3.181152060962667e-06,1.097184308430422e-05,0.21822041484650773,1.2724900857206739e-05,1.154172452887776e-05,6.492128357665349e-08,0.016648560148859893,0.05769605893014616,3.739660762301167e-05,0.04226481264144767,7.213494874455705e-07,1.8034112299919035e-05,0.04647845617095876,0.2090058220526098,2.5110958256492014e-05,0.0,2.885390554667488e-08,0.10674959758941864,0.060752562369244166,1.413847257324759e-06,1.0,1.4138425068270207e-06,0.09530029265042572,7.213477560849644e-07,2.1035353216151617e-05,0.032835307670156216,6.0665732426611226e-06,2.5968512286090846e-07,0.04068139332323017,0.3867556023905414,0.12791479250807694,0.2032293281827768,7.213478751069713e-09,2.7119157493019855e-06,0.028689331813369426,0.23320871916936786,0.018957079948442083,0.193767084536484,1.0416484929319644e-05
SNAIL-VIMENTIN_1-0,0.07918202271186986,2.604073641381422e-06,9.875391062072166e-06,0.21821971032203685,1.3965628574951535e-05,1.0416418262189711e-05,7.213475248561371e-09,0.016648488737978438,0.0576968445814323,3.5347951722625e-05,0.04226484766328997,1.0387427148762806e-06,1.6620262383346563e-05,0.04647892988874379,0.20900908764760362,2.343741685103271e-05,2.885390554667488e-08,0.0,0.10674900186206214,0.060753687692806195,1.8466564234620366e-06,1.0,1.038741717600993e-06,0.09530539978768923,4.61662628607252e-07,2.262233751288735e-05,0.03283681687794315,5.258662680128067e-06,1.1541561092549813e-07,0.04068040673045179,0.3867559985331753,0.12791492210159028,0.20323136966194238,6.492129400411696e-08,3.3002307601361774e-06,0.028689958602835117,0.23320921514232795,0.018957140955359403,0.1937672294882147,1.1541794704735724e-05
SNAIL-miR34_2-1,0.17422024473187614,0.10674590472606804,0.1067472475500061,0.29368136421648794,0.10677397565563797,0.10674744417088083,0.10674872326360123,0.12090387824592003,0.15588487007124385,0.10676051838384591,0.14271741723411363,0.10675334683874978,0.1067501168401175,0.14631399808985301,0.2857713460669139,0.10675362051156233,0.10674959758941864,0.10674900186206214,0.0,0.15849700742164577,0.10675520616110233,1.0,0.10674650634905813,0.18807240939377107,0.10674713269127224,0.10678510259821178,0.1347002832355671,0.10674598777743087,0.1067479645290013,0.14135731449364042,0.4404316323516948,0.21594760517157385,0.022256758675892024,0.10674991471833513,0.1067580362879617,0.1311594119622652,0.30665421135625415,0.12286940615376031,0.2725820620501869,0.10677067774589662
OVOL-SNAIL_2-0,0.0020272869629205338,0.060767078714040176,0.06078427262216178,0.2610370658292557,0.06074143794693358,0.06078535644360016,0.060754270658521556,0.07596886720756404,0.00015042077628006807,0.06082718724663867,0.0024355559117038806,0.060747747907515644,0.06079693925239255,0.10324397229448512,0.2524675453795234,0.06080852134297791,0.060752562369244166,0.060753687692806195,0.15849700742164574,0.0,0.0607462011295018,1.0,0.060761576659649666,0.005782358269298165,0.06075873042667933,0.06074264547681359,0.09074121032795576,0.06077417896947885,0.06075610077155796,0.0030415404517101703,0.4171058703011926,0.17791252716018957,0.2471648376129188,0.06075202001137853,0.06074445956293427,0.08696541821571477,0.2748415213335404,0.07807678670316205,0.23848183899740133,0.06074146863951786
ZEB1-VIMENTIN_1-2,0.07918583880370558,8.836525255141812e-06,2.026281986394589e-05,0.21822659084479143,5.655589352218746e-06,2.1034680065837698e-05,2.0847013630949504e-06,0.01665064882574385,0.057692080498642925,5.335296302279432e-05,0.042266114232032574,1.1541664501823145e-07,2.954686207489246e-05,0.04647667991204919,0.20898422345047746,3.844153551020623e-05,1.413847257324759e-06,1.8466564234620366e-06,0.10675520616110233,0.06074620112950179,0.0,1.0,5.655373985932093e-06,0.09526600043111944,4.154969861442596e-06,1.1542223165370968e-05,0.03282630547704897,1.3337767559434398e-05,2.8853976608528113e-06,0.04068984883877509,0.3867537692437435,0.127915287593371,0.20321630865245713,1.219083029048375e-06,2.0952292833047712e-07,0.028686513380210388,0.23320646500511383,0.018958237932543788,0.19376735743886647,4.1551054849514385e-06
ZEB1-OVOL_2-1,1.0,1.0,1.0,1.0,1.0,1.0,1.0,1.0,1.0,1.0,1.0,1.0,1.0,0.7760945466926146,1.0,1.0,1.0,1.0,1.0,1.0,1.0,0.0,1.0,1.0,1.0,1.0,1.0,1.0,1.0,1.0,1.0,0.9999999999999999,1.0,1.0,1.0,1.0,1.0,1.0,1.0,1.0
ZEB1-miR34_2-0,0.07918138838800491,3.5346328655167436e-07,4.508526292806825e-06,0.2182164164091503,2.2621837992644906e-05,4.8764270857482896e-06,8.728317318860697e-07,0.016649251869176356,0.057702699338299815,2.426781982570094e-05,0.04226621784884106,4.154965872691968e-06,9.348998561967874e-06,0.046482927020312925,0.20902962667480762,1.460799235291862e-05,1.4138425068270207e-06,1.038741717600993e-06,0.10674650634905813,0.06076157665964967,5.655373985932093e-06,1.0,0.0,0.09533713596239002,1.1541598025661005e-07,3.335607224854483e-05,0.03284704382991191,1.6230547493389274e-06,4.6166336734927314e-07,0.04067564918655264,0.3867590802815748,0.12791675134068836,0.2032445716753948,1.6230333250453815e-06,8.041981123953212e-06,0.028694896161213422,0.23321310421807967,0.018958695768288222,0.19376906487059786,1.9505500410709354e-05
OVOL-SNAIL_2-1,0.0014042925666243483,0.09535651433514708,0.09540927343052782,0.2856203958039546,0.0952050688735093,0.09541232816918142,0.09530797288008763,0.10972771501731739,0.006938726367316846,0.09551695493778975,0.01547242202877755,0.09527553790073917,0.09544359165347263,0.13555135912977076,0.2771751928419698,0.09547284207960569,0.09530029265042572,0.09530539978768923,0.18807240939377107,0.0057823582692981676,0.09526600043111944,1.0,0.09533713596239002,0.0,0.09532634897645814,0.09518207895894373,0.12362174368724585,0.0953794420907382,0.09531577025308971,0.01669105471493986,0.43458509729662526,0.20646818536826977,0.2722118841446066,0.09529775860544398,0.09525347943370294,0.12010343489193193,0.2986876614792966,0.11171650914872869,0.2640795637486151,0.09521314866352412
OVOL-ZEB1_2-0,0.07918138766345796,8.728361310704827e-07,6.06665332334908e-06,0.21821733662146872,1.9505606524675926e-05,6.49226311342458e-06,3.5346048699930925e-07,0.01664877052098486,0.05770053044720806,2.7730378094536264e-05,0.042265540157140465,2.8853930440393694e-06,1.1541927671941763e-05,0.046481374675805376,0.20902260024235247,1.7320310730627782e-05,7.213477560849644e-07,4.61662628607252e-07,0.10674713269127224,0.06075873042667932,4.154969861442596e-06,1.0,1.1541598025661005e-07,0.09532634897645814,0.0,2.9547334852643003e-05,0.0328434116627081,2.604094474300037e-06,1.154157218046588e-07,0.040677013698921294,0.38675791876611354,0.12791594127422445,0.20323998945208782,8.7283075435367e-07,6.2305664147647814e-06,0.028693026151170663,0.23321163390862854,0.018957951064220588,0.19376826913846193,1.662010282383838e-05
exTGFB-SNAIL_1-2,0.07921023152705386,4.057679563366275e-05,6.239052157890924e-05,0.21825623631930371,1.0388487607331637e-06,6.373946056859991e-05,2.3437469354014272e-05,0.016671937843627083,0.057695382149816204,0.0001145243277041498,0.04228474884779715,1.3966017403257026e-05,7.802243235913251e-05,0.04648645328658822,0.2089346682942953,9.211082613717024e-05,2.1035353216151617e-05,2.262233751288735e-05,0.10678510259821178,0.06074264547681359,1.1542223165370968e-05,1.0,3.335607224854483e-05,0.09518207895894373,2.9547334852643003e-05,0.0,0.03281565003445474,4.9694678858008736e-05,2.596942384038752e-05,0.04072894875352799,0.3867575949461125,0.12793022441814123,0.20319136445235467,2.0263500735847283e-05,8.641539726510434e-06,0.028693591892846922,0.23321176664561993,0.018976831463570338,0.19378055361466986,1.8468278099630564e-06
miR200-ZEB1_2-1,0.1083674929803957,0.03285393716544647,0.03287480156220782,0.24132676854501012,0.03281650310232555,0.03287609322282514,0.032837592405033575,0.004032251109378656,0.08783333280671812,0.032924792964108614,0.07313099589973261,0.0328285985569553,0.03288977713865116,0.07713910605066324,0.2324008514280178,0.032903285540071964,0.032835307670156216,0.03283681687794315,0.1347002832355671,0.09074121032795576,0.03282630547704897,1.0,0.03284704382991191,0.12362174368724585,0.0328434116627081,0.03281565003445474,0.0,0.03286265223128796,0.03284000267928712,0.07164707331373399,0.40309500935692977,0.1549042890072282,0.22690008957426605,0.03283457398943424,0.03282356882557008,0.0002352775268461482,0.25565482265912404,0.0030013221524114973,0.2178896218117141,0.03281723386770308
SNAIL-miR200_2-0,0.0791832807302564,4.616714002519582e-07,7.213753703211659e-07,0.2182145487874952,3.636356530059646e-05,8.728653198589674e-07,4.876347696330615e-06,0.01665307841393015,0.057712768095907016,1.3338960615502183e-05,0.042270727174644335,1.0971742141777964e-05,3.181314436173383e-06,0.04649070743083464,0.20905757981133435,6.492573986257048e-06,6.0665732426611226e-06,5.258662680128067e-06,0.10674598777743087,0.06077417896947885,1.3337767559434398e-05,1.0,1.6230547493389274e-06,0.0953794420907382,2.604094474300037e-06,4.9694678858008736e-05,0.03286265223128796,0.0,3.81596383997279e-06,0.04067250354972665,0.38676463180262965,0.12792157321980668,0.20326337202581438,6.492168844519832e-06,1.6890663276037483e-05,0.028703905136144937,0.23322016716330177,0.01896350510744236,0.1937736870924352,3.238160532446086e-05
SNAIL-Ecadherin_2-0,0.07918159910489422,1.623039687296277e-06,7.855608240234626e-06,0.21821843459240686,1.6620203877706777e-05,8.338926826571965e-06,6.492128357665349e-08,0.01664851614412955,0.05769857886199618,3.1423755184081976e-05,0.042265083428855696,1.8466522869786716e-06,1.3965682205211924e-05,0.046480042298950114,0.20901575390119237,2.0263452100573306e-05,2.5968512286090846e-07,1.1541561092549813e-07,0.1067479645290013,0.06075610077155796,2.8853976608528113e-06,1.0,4.6166336734927314e-07,0.09531577025308971,1.154157218046588e-07,2.596942384038752e-05,0.03284000267928712,3.81596383997279e-06,0.0,0.04067859954688375,0.3867568915169899,0.1279153315281089,0.20323558878178374,3.534603172981963e-07,4.649983313420288e-06,0.028691380298744698,0.23321033755041015,0.01895743279348403,0.19376765734458576,1.3965534723018366e-05
SNAIL-SNAIL_2-1,0.009247990474622445,0.04067379388045819,0.04067213569120732,0.2468271383449743,0.04071489441106132,0.04067217499371198,0.04067993418432698,0.05636348356169479,0.002297148953905498,0.04068073771001228,0.0002033292491057711,0.04068715630251806,0.040673328926304236,0.08449187469742211,0.23816737988644207,0.04067555037498202,0.04068139332323017,0.04068040673045179,0.14135731449364042,0.003041540451710173,0.04068984883877509,1.0,0.04067564918655264,0.01669105471493986,0.040677013698921294,0.04072894875352799,0.07164707331373399,0.04067250354972665,0.04067859954688375,0.0,0.407037544336894,0.16136906602138157,0.2326712936924859,0.040681907369912014,0.04069382664665521,0.06772319038542518,0.26105784941175625,0.058541106285081704,0.2236739468372491,0.04071065238989892
ZEB1-Ecadherin_2-1,0.4264204283141635,0.3867614360164576,0.38676938184377024,0.49825819914134195,0.3867550373080254,0.38676990300743574,0.3867562091917982,0.3950278756981297,0.4155687626212502,0.38679101209922345,0.40782331392310645,0.38675412516900326,0.3867755762638052,0.409933598964922,0.4933854315178612,0.3867813998455468,0.3867556023905414,0.3867559985331753,0.4404316323516948,0.4171058703011926,0.3867537692437435,1.0,0.3867590802815748,0.43458509729662526,0.3867579187661136,0.3867575949461125,0.40309500935692977,0.3867646318026297,0.3867568915169899,0.407037544336894,0.0,0.4512566019628934,0.49034890109248563,0.386755416906519,0.38675350200962844,0.40102768773456265,0.027469630289222828,0.3961767069119882,0.4853946027325465,0.3867544533325879
SNAIL-miR200_2-1,0.19313427039357456,0.1279186509818293,0.1279263528805439,0.30880146718474943,0.12792363977239596,0.12792689971248947,0.12791500567828074,0.14159111553392867,0.17539112546575591,0.12795101007659293,0.16267111948543525,0.1279148957393492,0.127933056718107,0.16614233651559074,0.3010859993807242,0.12793966866581669,0.12791479250807694,0.12791492210159028,0.21594760517157385,0.17791252716018957,0.12791528759337104,0.9999999999999999,0.12791675134068836,0.20646818536826977,0.12791594127422445,0.12793022441814123,0.1549042890072282,0.12792157321980668,0.1279153315281089,0.16136906602138157,0.4512566019628934,0.0,0.29625183347762646,0.127914746491257,0.12791613233870194,0.15149290764730716,0.32136270629705876,0.14348873052476008,0.009666980918548142,0.1279218455946366
ZEB1-miR34_2-1,0.26062729146622404,0.20325302743737583,0.20327732410569035,0.3630332907049128,0.2031969414070446,0.2032787817320618,0.20323240742166848,0.2152474390225787,0.24495537911838042,0.20333141874329552,0.23378241158093976,0.2032198015866736,0.20329398221664066,0.23682269953794532,0.3560411926843956,0.20330863309495598,0.2032293281827768,0.20323136966194238,0.022256758675892028,0.2471648376129188,0.20321630865245713,1.0,0.2032445716753948,0.2722118841446066,0.20323998945208782,0.20319136445235467,0.22690008957426605,0.20326337202581438,0.20323558878178374,0.2326712936924859,0.49034890109248563,0.29625183347762646,0.0,0.2032283244632831,0.20321188953622882,0.22392907717461846,0.3741620663744409,0.21691085107830715,0.3448317339027348,0.20319916350821185
OVOL-ZEB1_2-1,0.07918247965075034,3.491331658247304e-06,1.1541709293522032e-05,0.2182207837736999,1.2126176945041625e-05,1.2126017845678818e-05,1.1541562477536773e-07,0.016648617132799245,0.05769568647672772,3.844257505941379e-05,0.04226481584576697,5.842932589278631e-07,1.8762677271419795e-05,0.046478239933884155,0.20900420613789839,2.5969368782147867e-05,7.213478751069713e-09,6.492129400411696e-08,0.10674991471833513,0.06075202001137852,1.219083029048375e-06,1.0,1.6230333250453815e-06,0.09529775860544398,8.7283075435367e-07,2.0263500735847283e-05,0.03283457398943424,6.492168844519832e-06,3.534603172981963e-07,0.040681907369912014,0.386755416906519,0.127914746491257,0.2032283244632831,0.0,2.4393985462773824e-06,0.028689039433242365,0.23320848749063638,0.018957070673024073,0.1937670293047308,9.875470067541867e-06
miR34-SNAIL_2-1,0.07918788851838167,1.1767400455776813e-05,2.459324220118993e-05,0.21822954883361398,3.687983332988651e-06,2.5442855178831915e-05,3.6160285729867642e-06,0.016652194068086445,0.05769125859222264,6.024924965742978e-05,0.04226733685965365,6.359535462292505e-07,3.473256668358807e-05,0.04647671444328397,0.2089764969677408,4.432702025054889e-05,2.7119157493019855e-06,3.3002307601361774e-06,0.1067580362879617,0.06074445956293427,2.0952292833047712e-07,1.0,8.041981123953212e-06,0.09525347943370294,6.2305664147647814e-06,8.641539726510434e-06,0.03282356882557008,1.6890663276037483e-05,4.649983313420288e-06,0.04069382664665521,0.38675350200962844,0.12791613233870194,0.20321188953622882,2.4393985462773824e-06,0.0,0.028686160400262947,0.23320616529130167,0.01895942313989271,0.19376806315619047,2.498521919825909e-06
SNAIL-ZEB1_1-2,0.10467536378586174,0.02869870806318841,0.028711662437122268,0.23839335371218856,0.02868911447407673,0.028712515228156932,0.02869029301218006,0.002470385277280485,0.08403478490479126,0.028747203079842326,0.06923194350397302,0.02868703845085311,0.028721813778680463,0.07327113580033316,0.2294794194518613,0.028731380523475226,0.028689331813369426,0.028689958602835117,0.1311594119622652,0.08696541821571477,0.028686513380210388,1.0,0.028694896161213422,0.12010343489193193,0.028693026151170663,0.028693591892846922,0.0002352775268461484,0.028703905136144937,0.028691380298744698,0.06772319038542518,0.40102768773456265,0.15149290764730716,0.22392907717461846,0.028689039433242365,0.028686160400262947,0.0,0.2528190924232943,0.001669890723979866,0.2148387276157537,0.02868807037495852
SNAIL-Ecadherin_2-1,0.2875644566299814,0.23321609583466943,0.2332262348675982,0.3847823540405205,0.2332083494972454,0.23322690143998337,0.23320947943656634,0.24458176304643464,0.2727393722740714,0.23325397336370612,0.2621358428636045,0.2332068916146553,0.2332341652112085,0.2650267324608667,0.37823876576742377,0.23324163234580142,0.23320871916936783,0.23320921514232792,0.30665421135625415,0.2748415213335404,0.23320646500511383,1.0,0.23321310421807967,0.2986876614792966,0.2332116339086285,0.23321176664561993,0.255654822659124,0.23322016716330177,0.23321033755041012,0.26105784941175625,0.027469630289222828,0.32136270629705876,0.3741620663744409,0.23320848749063638,0.23320616529130167,0.2528190924232943,0.0,0.24615984326986462,0.3674993857709017,0.2332075583980788
SNAIL-ZEB1_1-0,0.0960210736640012,0.018960543859603565,0.018968480417551586,0.23153603899232572,0.018968875595987804,0.018969055790942754,0.01895719268685326,0.00014493117041802209,0.07510146922306576,0.01899494125397045,0.06008153521476344,0.018957624037156826,0.01897558797727703,0.06418244455521573,0.22254550776287035,0.018982677135592863,0.018957079948442083,0.018957140955359403,0.12286940615376031,0.07807678670316205,0.018958237932543788,1.0,0.018958695768288222,0.11171650914872869,0.018957951064220588,0.018976831463570338,0.003001322152411497,0.01896350510744236,0.01895743279348403,0.058541106285081704,0.39617670691198825,0.14348873052476008,0.21691085107830715,0.018957070673024073,0.01895942313989271,0.001669890723979866,0.24615984326986456,0.0,0.20768261161521342,0.018966676576189438
ZEB1-miR200_2-1,0.25212015184717673,0.1937709000071949,0.19377820566127937,0.35615618474183985,0.19377466319036563,0.19377872075251812,0.1937673192081902,0.20598651956251324,0.23622396158009612,0.19380127476516767,0.22483826931878706,0.19376704954351895,0.19378450403489092,0.2279444597716041,0.3491940553548879,0.1937906920837864,0.193767084536484,0.19376722948821468,0.2725820620501869,0.23848183899740133,0.19376735743886647,1.0,0.19376906487059786,0.2640795637486151,0.1937682691384619,0.19378055361466986,0.2178896218117141,0.1937736870924352,0.19376765734458573,0.2236739468372491,0.4853946027325465,0.009666980918548142,0.3448317339027348,0.1937670293047308,0.19376806315619047,0.2148387276157537,0.3674993857709017,0.2076826116152134,0.0,0.19377306765177713
SNAIL-VIMENTIN_1-2,0.07919792814446458,2.5110385706967296e-05,4.276912781601017e-05,0.21824224468652756,1.1542414315998738e-07,4.388723518904689e-05,1.2126089633957048e-05,0.016660698293192246,0.057691453620364,8.728549465436292e-05,0.04227464316652365,5.655536866637327e-06,5.586189309848182e-05,0.046479904093457994,0.20895232943554798,6.787280530412944e-05,1.0416484929319644e-05,1.1541794704735724e-05,0.10677067774589662,0.06074146863951786,4.1551054849514385e-06,1.0,1.9505500410709354e-05,0.09521314866352412,1.662010282383838e-05,1.8468278099630564e-06,0.03281723386770308,3.238160532446086e-05,1.3965534723018366e-05,0.04071065238989892,0.38675445333258784,0.1279218455946366,0.20319916350821185,9.875470067541867e-06,2.498521919825909e-06,0.02868807037495852,0.2332075583980788,0.018966676576189438,0.19377306765177713,0.0

RACIPE,JSD,heatmap,data
 ,TGFB-SNAIL_1-2,miR200-TGFB_2-0,OVOL-TGFB_2-0,OVOL-TGFB_2-1,ZEB1-Ecadherin_2-0,SNAIL-miR34_2-0,ZEB1-miR200_2-0,miR200-ZEB1_2-0,TGFB-SNAIL_1-0,miR34-SNAIL_2-0,SNAIL-SNAIL_2-0,WT,ZEB1-VIMENTIN_1-0,ZEB1-OVOL_2-0,miR200-TGFB_2-1,OVOL-VIMENTIN_2-0,OVOL-VIMENTIN_2-1,SNAIL-VIMENTIN_1-0,SNAIL-miR34_2-1,OVOL-SNAIL_2-0,ZEB1-VIMENTIN_1-2,ZEB1-OVOL_2-1,ZEB1-miR34_2-0,OVOL-SNAIL_2-1,OVOL-ZEB1_2-0,exTGFB-SNAIL_1-2,miR200-ZEB1_2-1,SNAIL-miR200_2-0,SNAIL-Ecadherin_2-0,SNAIL-SNAIL_2-1,ZEB1-Ecadherin_2-1,SNAIL-miR200_2-1,ZEB1-miR34_2-1,OVOL-ZEB1_2-1,miR34-SNAIL_2-1,SNAIL-ZEB1_1-2,SNAIL-Ecadherin_2-1,SNAIL-ZEB1_1-0,ZEB1-miR200_2-1,SNAIL-VIMENTIN_1-2
TGFB-SNAIL_1-2,0.0,0.06617745739858844,0.06355475813372871,0.14143175710181646,0.08605286170088816,0.06376686698282732,0.07006201990467628,0.06561992510976584,0.6576570388634208,0.041886142020531106,0.12468595729848926,0.0761793212663918,0.07315945150410785,0.20408224542340683,0.18724093883027637,0.09263584374723427,0.11584391446000328,0.08857590101925421,0.13127301412734468,0.039468212363648794,0.12112935257107943,0.45364246670341446,0.07139336764147361,0.012457887445276507,0.07075705217768784,0.07473019672954334,0.09877207229673454,0.06077097043181379,0.07561093521068162,0.14308399512062586,0.2845472434859882,0.04818017957739018,0.23814763800626398,0.08488095190357964,0.015280839332288906,0.07535800545426168,0.2084034821589926,0.05885150694355275,0.07325663724742965,0.09854191673751103
miR200-TGFB_2-0,0.06617745739858844,0.0,0.015582263518451317,0.09022589238527082,0.053170357288639024,0.028725074619013954,0.015323545845920813,0.0270891102245732,0.7001054800751669,0.029856480574855057,0.03966908864637166,0.027141994643216184,0.03265360719483268,0.22176948675093175,0.12953774170801158,0.06009890070814394,0.09279910673600494,0.038863950346397766,0.16000357612366733,0.027232215032736026,0.1010690081342965,0.5315015281190512,0.05527898430207237,0.061478893837999024,0.03131837912153597,0.026155764569938022,0.10792658202003863,0.014977420188539509,0.03012276475882736,0.05300485184019636,0.2986043133802852,0.02251004953726287,0.29657720429503476,0.07404593616703811,0.06924283806374304,0.11429241543908505,0.21141140776713546,0.03451430868122314,0.03402032061369664,0.07525837488730208
OVOL-TGFB_2-0,0.06355475813372874,0.015582263518451333,0.0,0.11768437891220815,0.03588711681160654,0.014157997637511997,0.009624371539199868,0.014607031388446285,0.7031659990289949,0.016279413159462377,0.025364264918432595,0.01125356640382139,0.01640230148688161,0.2159477349744372,0.17451695518076776,0.04355347100223729,0.07385764856147796,0.027903420979973094,0.15593000433809187,0.014240140715414996,0.08199881860673452,0.5284125796686473,0.04407737891704276,0.051493411597772626,0.015208333741948212,0.009655903171380115,0.10042256094600072,0.009728410010525544,0.013802665428230665,0.03659190705281766,0.2880983616360008,0.031820380009106974,0.29245043908685564,0.0649234209392239,0.05744281775520706,0.10122210632440229,0.20256490053337203,0.020237467831801217,0.045156304814341776,0.05603839412591391
OVOL-TGFB_2-1,0.1414317571018165,0.09022589238527082,0.11768437891220815,0.0,0.1727892552920575,0.15829315236160407,0.11333586644774374,0.13628519475570733,0.7072026156236096,0.15648199229254153,0.1704987729618066,0.1594102745375143,0.15805748289609484,0.24044457578025208,0.019728852193711597,0.18059986395711286,0.19444393436167606,0.1720198841731925,0.2563804363240486,0.14563830789134743,0.20257120811338045,0.4718637796954841,0.1673406726902526,0.1354734266873851,0.15255475020316045,0.15735715061936822,0.15074940162208966,0.12620016099315817,0.15886958712193702,0.18250883300112225,0.36770599500082773,0.07822431490045384,0.35876956900162527,0.15260136634927307,0.1614566300967125,0.17219245469553418,0.2991491905818972,0.15448788213957806,0.05473819645731881,0.18740157332713236
ZEB1-Ecadherin_2-0,0.08605286170088812,0.05317035728863903,0.035887116811606556,0.1727892552920575,0.0,0.03661568128052913,0.039743820042150386,0.03536656091545066,0.7060948351179803,0.03786654260263038,0.05159570276148932,0.034121508963044334,0.04138300728727816,0.23734713784867945,0.23248565046811148,0.06990630221993682,0.10016101596761093,0.052012921015263724,0.17998856813885586,0.03488368400790322,0.10842902545393565,0.5314476124725426,0.07278042635615735,0.07027892310191834,0.03428673344589486,0.033548503582983426,0.1091240155106985,0.038072723353943495,0.03338900759309429,0.06246595271769294,0.17497448754248818,0.06500128766229439,0.3188913203387871,0.07812610675166697,0.07484194674023105,0.10987303572684753,0.12100128241969493,0.03585487485413595,0.08568466611227601,0.08127448203537341
SNAIL-miR34_2-0,0.06376686698282731,0.02872507461901395,0.014157997637511993,0.158293152361604,0.03661568128052913,0.0,0.01875145664621355,0.01936758158810596,0.7024978681498447,0.013180916021209257,0.03046135112003942,0.010947877360188867,0.01691676440731322,0.2314830519270497,0.21803574348351878,0.037027271065341094,0.07634134658695267,0.026401477553279686,0.13312556483722537,0.012136454304301898,0.08341561997608612,0.5523516076185035,0.042863760312790745,0.05585064278671126,0.016917861676642464,0.010373029707081656,0.11476529402478622,0.015995378463621507,0.013048250360786509,0.044580854511215955,0.29093422401702496,0.044004589890179066,0.2771118023512128,0.07051545109594254,0.05312415210089304,0.10846669630710519,0.20300238538122078,0.02151910081032033,0.06736612472683247,0.05725250221374066
ZEB1-miR200_2-0,0.07006201990467636,0.015323545845920807,0.009624371539199861,0.11333586644774366,0.03974382004215038,0.018751456646213555,0.0,0.013045558822111544,0.6696735183024266,0.022721918279663147,0.02443008953425036,0.014068882137696954,0.01976717168300186,0.2099443670956246,0.1678077616465813,0.04966661256578832,0.07919695934961499,0.0223580261799176,0.1629415593647,0.018213862895600737,0.08629527185333632,0.5164645008243114,0.048134481494476314,0.05778252207470559,0.016008067290132613,0.012970940526068668,0.08871188517986205,0.010146680237712622,0.017829869089142893,0.03389908764551718,0.2920210364652075,0.026704375155287646,0.2975985193267827,0.05556415351456884,0.06527977916422781,0.09478095006683215,0.20941188769584568,0.021492981013563037,0.03565566543023739,0.06190171088253131
miR200-ZEB1_2-0,0.06561992510976582,0.0270891102245732,0.014607031388446289,0.13628519475570727,0.03536656091545064,0.01936758158810596,0.013045558822111544,0.0,0.6422755053849079,0.021990676155377947,0.02759980664074494,0.013865532232581055,0.02112405261903701,0.19141462888598312,0.19658472886217698,0.04266296124769242,0.07698862449664863,0.02065795554660045,0.15134181659064289,0.016171036469239917,0.08473192482229125,0.4864195781517775,0.04038852264097875,0.049631177274857274,0.008366463638057334,0.014597922680131582,0.06747813765380023,0.01408540396217778,0.017234805465396005,0.03876121724300871,0.2793089458975831,0.03544932109841483,0.27811190807737013,0.03684470309125418,0.05739250648704605,0.07197959036534776,0.19972152802743465,0.014516687040438875,0.044606767958704954,0.061231624988140734
